model_name,metric_formula,phenomenon,metric,dependent_variable
google/flan-t5-xl,mean_sentence_cond_probs,coherence,string_score,0.55
google/flan-t5-xl,mean_sentence_cond_probs,deceits,string_score,0.2
google/flan-t5-xl,mean_sentence_cond_probs,humour,string_score,0.24
google/flan-t5-xl,mean_sentence_cond_probs,indirect_speech,string_score,0.45
google/flan-t5-xl,mean_sentence_cond_probs,irony,string_score,0.2
google/flan-t5-xl,mean_sentence_cond_probs,maxims,string_score,0.15789473684210525
google/flan-t5-xl,mean_sentence_cond_probs,metaphor,string_score,0.25
google/flan-t5-xl,mean_sentence_surprisal,coherence,string_score,0.55
google/flan-t5-xl,mean_sentence_surprisal,deceits,string_score,0.2
google/flan-t5-xl,mean_sentence_surprisal,humour,string_score,0.12
google/flan-t5-xl,mean_sentence_surprisal,indirect_speech,string_score,0.45
google/flan-t5-xl,mean_sentence_surprisal,irony,string_score,0.32
google/flan-t5-xl,mean_sentence_surprisal,maxims,string_score,0.42105263157894735
google/flan-t5-xl,mean_sentence_surprisal,metaphor,string_score,0.4
google/flan-t5-xl,sentence_cond_probs,coherence,string_score,0.55
google/flan-t5-xl,sentence_cond_probs,deceits,string_score,0.15
google/flan-t5-xl,sentence_cond_probs,humour,string_score,0.2
google/flan-t5-xl,sentence_cond_probs,indirect_speech,string_score,0.45
google/flan-t5-xl,sentence_cond_probs,irony,string_score,0.2
google/flan-t5-xl,sentence_cond_probs,maxims,string_score,0.3157894736842105
google/flan-t5-xl,sentence_cond_probs,metaphor,string_score,0.3
google/flan-t5-xl,sentence_mi,coherence,string_score,0.775
google/flan-t5-xl,sentence_mi,deceits,string_score,0.3
google/flan-t5-xl,sentence_mi,humour,string_score,0.32
google/flan-t5-xl,sentence_mi,indirect_speech,string_score,0.6
google/flan-t5-xl,sentence_mi,irony,string_score,0.28
google/flan-t5-xl,sentence_mi,maxims,string_score,0.42105263157894735
google/flan-t5-xl,sentence_mi,metaphor,string_score,0.25
google/flan-t5-xl,sentence_mi_surprisal,coherence,string_score,0.2
google/flan-t5-xl,sentence_mi_surprisal,deceits,string_score,0.3
google/flan-t5-xl,sentence_mi_surprisal,humour,string_score,0.04
google/flan-t5-xl,sentence_mi_surprisal,indirect_speech,string_score,0.05
google/flan-t5-xl,sentence_mi_surprisal,irony,string_score,0.12
google/flan-t5-xl,sentence_mi_surprisal,maxims,string_score,0.10526315789473684
google/flan-t5-xl,sentence_mi_surprisal,metaphor,string_score,0.05
google/flan-t5-xl,sentence_surprisal,coherence,string_score,0.55
google/flan-t5-xl,sentence_surprisal,deceits,string_score,0.15
google/flan-t5-xl,sentence_surprisal,humour,string_score,0.2
google/flan-t5-xl,sentence_surprisal,indirect_speech,string_score,0.45
google/flan-t5-xl,sentence_surprisal,irony,string_score,0.2
google/flan-t5-xl,sentence_surprisal,maxims,string_score,0.3157894736842105
google/flan-t5-xl,sentence_surprisal,metaphor,string_score,0.3
gpt-3.5-turbo-instruct,mean_sentence_cond_probs,coherence,string_score,0.5
gpt-3.5-turbo-instruct,mean_sentence_cond_probs,deceits,string_score,0.9
gpt-3.5-turbo-instruct,mean_sentence_cond_probs,humour,string_score,0.64
gpt-3.5-turbo-instruct,mean_sentence_cond_probs,indirect_speech,string_score,0.55
gpt-3.5-turbo-instruct,mean_sentence_cond_probs,irony,string_score,0.48
gpt-3.5-turbo-instruct,mean_sentence_cond_probs,maxims,string_score,0.3157894736842105
gpt-3.5-turbo-instruct,mean_sentence_cond_probs,metaphor,string_score,0.5
gpt-3.5-turbo-instruct,mean_sentence_surprisal,coherence,string_score,0.75
gpt-3.5-turbo-instruct,mean_sentence_surprisal,deceits,string_score,0.8
gpt-3.5-turbo-instruct,mean_sentence_surprisal,humour,string_score,0.68
gpt-3.5-turbo-instruct,mean_sentence_surprisal,indirect_speech,string_score,0.7
gpt-3.5-turbo-instruct,mean_sentence_surprisal,irony,string_score,0.72
gpt-3.5-turbo-instruct,mean_sentence_surprisal,maxims,string_score,0.42105263157894735
gpt-3.5-turbo-instruct,mean_sentence_surprisal,metaphor,string_score,0.4
gpt-3.5-turbo-instruct,sentence_cond_probs,coherence,string_score,0.725
gpt-3.5-turbo-instruct,sentence_cond_probs,deceits,string_score,0.6
gpt-3.5-turbo-instruct,sentence_cond_probs,humour,string_score,0.52
gpt-3.5-turbo-instruct,sentence_cond_probs,indirect_speech,string_score,0.85
gpt-3.5-turbo-instruct,sentence_cond_probs,irony,string_score,0.68
gpt-3.5-turbo-instruct,sentence_cond_probs,maxims,string_score,0.47368421052631576
gpt-3.5-turbo-instruct,sentence_cond_probs,metaphor,string_score,0.45
gpt-3.5-turbo-instruct,sentence_mi,coherence,string_score,0.8
gpt-3.5-turbo-instruct,sentence_mi,deceits,string_score,0.6
gpt-3.5-turbo-instruct,sentence_mi,humour,string_score,0.64
gpt-3.5-turbo-instruct,sentence_mi,indirect_speech,string_score,0.65
gpt-3.5-turbo-instruct,sentence_mi,irony,string_score,0.56
gpt-3.5-turbo-instruct,sentence_mi,maxims,string_score,0.2631578947368421
gpt-3.5-turbo-instruct,sentence_mi,metaphor,string_score,0.25
gpt-3.5-turbo-instruct,sentence_mi_surprisal,coherence,string_score,0.15
gpt-3.5-turbo-instruct,sentence_mi_surprisal,deceits,string_score,0.0
gpt-3.5-turbo-instruct,sentence_mi_surprisal,humour,string_score,0.04
gpt-3.5-turbo-instruct,sentence_mi_surprisal,indirect_speech,string_score,0.0
gpt-3.5-turbo-instruct,sentence_mi_surprisal,irony,string_score,0.0
gpt-3.5-turbo-instruct,sentence_mi_surprisal,maxims,string_score,0.0
gpt-3.5-turbo-instruct,sentence_mi_surprisal,metaphor,string_score,0.25
gpt-3.5-turbo-instruct,sentence_surprisal,coherence,string_score,0.725
gpt-3.5-turbo-instruct,sentence_surprisal,deceits,string_score,0.6
gpt-3.5-turbo-instruct,sentence_surprisal,humour,string_score,0.52
gpt-3.5-turbo-instruct,sentence_surprisal,indirect_speech,string_score,0.85
gpt-3.5-turbo-instruct,sentence_surprisal,irony,string_score,0.68
gpt-3.5-turbo-instruct,sentence_surprisal,maxims,string_score,0.47368421052631576
gpt-3.5-turbo-instruct,sentence_surprisal,metaphor,string_score,0.45
meta-llama/Llama-2-7b-hf,mean_sentence_cond_probs,coherence,string_score,0.5
meta-llama/Llama-2-7b-hf,mean_sentence_cond_probs,deceits,string_score,0.1
meta-llama/Llama-2-7b-hf,mean_sentence_cond_probs,humour,string_score,0.12
meta-llama/Llama-2-7b-hf,mean_sentence_cond_probs,indirect_speech,string_score,0.2
meta-llama/Llama-2-7b-hf,mean_sentence_cond_probs,irony,string_score,0.28
meta-llama/Llama-2-7b-hf,mean_sentence_cond_probs,maxims,string_score,0.3157894736842105
meta-llama/Llama-2-7b-hf,mean_sentence_cond_probs,metaphor,string_score,0.25
meta-llama/Llama-2-7b-hf,mean_sentence_surprisal,coherence,string_score,0.5
meta-llama/Llama-2-7b-hf,mean_sentence_surprisal,deceits,string_score,0.2
meta-llama/Llama-2-7b-hf,mean_sentence_surprisal,humour,string_score,0.08
meta-llama/Llama-2-7b-hf,mean_sentence_surprisal,indirect_speech,string_score,0.25
meta-llama/Llama-2-7b-hf,mean_sentence_surprisal,irony,string_score,0.24
meta-llama/Llama-2-7b-hf,mean_sentence_surprisal,maxims,string_score,0.21052631578947367
meta-llama/Llama-2-7b-hf,mean_sentence_surprisal,metaphor,string_score,0.15
meta-llama/Llama-2-7b-hf,sentence_cond_probs,coherence,string_score,0.5
meta-llama/Llama-2-7b-hf,sentence_cond_probs,deceits,string_score,0.1
meta-llama/Llama-2-7b-hf,sentence_cond_probs,humour,string_score,0.12
meta-llama/Llama-2-7b-hf,sentence_cond_probs,indirect_speech,string_score,0.55
meta-llama/Llama-2-7b-hf,sentence_cond_probs,irony,string_score,0.04
meta-llama/Llama-2-7b-hf,sentence_cond_probs,maxims,string_score,0.2631578947368421
meta-llama/Llama-2-7b-hf,sentence_cond_probs,metaphor,string_score,0.2
meta-llama/Llama-2-7b-hf,sentence_mi,coherence,string_score,0.525
meta-llama/Llama-2-7b-hf,sentence_mi,deceits,string_score,0.2
meta-llama/Llama-2-7b-hf,sentence_mi,humour,string_score,0.12
meta-llama/Llama-2-7b-hf,sentence_mi,indirect_speech,string_score,0.2
meta-llama/Llama-2-7b-hf,sentence_mi,irony,string_score,0.16
meta-llama/Llama-2-7b-hf,sentence_mi,maxims,string_score,0.21052631578947367
meta-llama/Llama-2-7b-hf,sentence_mi,metaphor,string_score,0.3
meta-llama/Llama-2-7b-hf,sentence_mi_surprisal,coherence,string_score,0.45
meta-llama/Llama-2-7b-hf,sentence_mi_surprisal,deceits,string_score,0.15
meta-llama/Llama-2-7b-hf,sentence_mi_surprisal,humour,string_score,0.4
meta-llama/Llama-2-7b-hf,sentence_mi_surprisal,indirect_speech,string_score,0.4
meta-llama/Llama-2-7b-hf,sentence_mi_surprisal,irony,string_score,0.16
meta-llama/Llama-2-7b-hf,sentence_mi_surprisal,maxims,string_score,0.21052631578947367
meta-llama/Llama-2-7b-hf,sentence_mi_surprisal,metaphor,string_score,0.15
meta-llama/Llama-2-7b-hf,sentence_surprisal,coherence,string_score,0.5
meta-llama/Llama-2-7b-hf,sentence_surprisal,deceits,string_score,0.1
meta-llama/Llama-2-7b-hf,sentence_surprisal,humour,string_score,0.12
meta-llama/Llama-2-7b-hf,sentence_surprisal,indirect_speech,string_score,0.55
meta-llama/Llama-2-7b-hf,sentence_surprisal,irony,string_score,0.04
meta-llama/Llama-2-7b-hf,sentence_surprisal,maxims,string_score,0.2631578947368421
meta-llama/Llama-2-7b-hf,sentence_surprisal,metaphor,string_score,0.2
text-davinci-002,mean_sentence_cond_probs,coherence,string_score,0.5
text-davinci-002,mean_sentence_cond_probs,deceits,string_score,0.6
text-davinci-002,mean_sentence_cond_probs,humour,string_score,0.72
text-davinci-002,mean_sentence_cond_probs,indirect_speech,string_score,0.5
text-davinci-002,mean_sentence_cond_probs,irony,string_score,0.48
text-davinci-002,mean_sentence_cond_probs,maxims,string_score,0.42105263157894735
text-davinci-002,mean_sentence_cond_probs,metaphor,string_score,0.25
text-davinci-002,mean_sentence_surprisal,coherence,string_score,0.725
text-davinci-002,mean_sentence_surprisal,deceits,string_score,0.65
text-davinci-002,mean_sentence_surprisal,humour,string_score,0.76
text-davinci-002,mean_sentence_surprisal,indirect_speech,string_score,0.65
text-davinci-002,mean_sentence_surprisal,irony,string_score,0.44
text-davinci-002,mean_sentence_surprisal,maxims,string_score,0.5263157894736842
text-davinci-002,mean_sentence_surprisal,metaphor,string_score,0.2
text-davinci-002,sentence_cond_probs,coherence,string_score,0.5
text-davinci-002,sentence_cond_probs,deceits,string_score,0.4
text-davinci-002,sentence_cond_probs,humour,string_score,0.6
text-davinci-002,sentence_cond_probs,indirect_speech,string_score,0.7
text-davinci-002,sentence_cond_probs,irony,string_score,0.4
text-davinci-002,sentence_cond_probs,maxims,string_score,0.42105263157894735
text-davinci-002,sentence_cond_probs,metaphor,string_score,0.35
text-davinci-002,sentence_mi,coherence,string_score,0.675
text-davinci-002,sentence_mi,deceits,string_score,0.35
text-davinci-002,sentence_mi,humour,string_score,0.68
text-davinci-002,sentence_mi,indirect_speech,string_score,0.65
text-davinci-002,sentence_mi,irony,string_score,0.52
text-davinci-002,sentence_mi,maxims,string_score,0.3684210526315789
text-davinci-002,sentence_mi,metaphor,string_score,0.15
text-davinci-002,sentence_mi_surprisal,coherence,string_score,0.35
text-davinci-002,sentence_mi_surprisal,deceits,string_score,0.25
text-davinci-002,sentence_mi_surprisal,humour,string_score,0.0
text-davinci-002,sentence_mi_surprisal,indirect_speech,string_score,0.05
text-davinci-002,sentence_mi_surprisal,irony,string_score,0.04
text-davinci-002,sentence_mi_surprisal,maxims,string_score,0.05263157894736842
text-davinci-002,sentence_mi_surprisal,metaphor,string_score,0.1
text-davinci-002,sentence_surprisal,coherence,string_score,0.5
text-davinci-002,sentence_surprisal,deceits,string_score,0.4
text-davinci-002,sentence_surprisal,humour,string_score,0.6
text-davinci-002,sentence_surprisal,indirect_speech,string_score,0.7
text-davinci-002,sentence_surprisal,irony,string_score,0.4
text-davinci-002,sentence_surprisal,maxims,string_score,0.42105263157894735
text-davinci-002,sentence_surprisal,metaphor,string_score,0.35
